%YAML:1.0
cameraMatrix: !!opencv-matrix
   rows: 3
   cols: 3
   dt: d
   data: [ 1.1286604430208579e+03, 0., 3.1942588640417591e+02, 0.,
       1.4612306706649129e+03, 2.3991126690017487e+02, 0., 0., 1. ]
imageSize_width: 640
imageSize_height: 480
sensorSize_width: 0
sensorSize_height: 0
distCoeffs: !!opencv-matrix
   rows: 5
   cols: 1
   dt: d
   data: [ 2.9020894467978364e-01, -1.5539935744841831e+01,
       1.4951344618637752e-02, -2.4200862666654750e-03,
       1.9484482126151929e+02 ]
reprojectionError: 3.6550554633140564e-01
features:
   - [ 180., 100., 250., 100., 320., 100., 390., 100., 215., 135., 285.,
       135., 355., 135., 425., 135., 180., 170., 250., 170., 320., 170.,
       390., 170., 215., 205., 285., 205., 355., 205., 425., 205., 180.,
       240., 250., 240., 320., 240., 390., 240. ]
   - [ 180., 100., 250., 100., 320., 100., 390., 100., 215., 135., 285.,
       135., 355., 135., 425., 135., 180., 170., 250., 170., 320., 170.,
       390., 170., 215., 205., 285., 205., 355., 205., 425., 205., 180.,
       240., 250., 240., 320., 240., 390., 240. ]
   - [ 180., 100., 250., 100., 320., 100., 390., 100., 215., 135., 285.,
       135., 355., 135., 425., 135., 180., 170., 250., 170., 320., 170.,
       390., 170., 215., 205., 285., 205., 355., 205., 425., 205., 180.,
       240., 250., 240., 320., 240., 390., 240. ]
   - [ 180., 100., 250., 100., 320., 100., 390., 100., 215., 135., 285.,
       135., 355., 135., 425., 135., 180., 170., 250., 170., 320., 170.,
       390., 170., 215., 205., 285., 205., 355., 205., 425., 205., 180.,
       240., 250., 240., 320., 240., 390., 240. ]
   - [ 1.71247269e+02, 2.56943626e+01, 2.40548538e+02, 4.71874580e+01,
       3.10042786e+02, 6.64177170e+01, 3.82127899e+02, 8.69057846e+01,
       1.92724304e+02, 7.57036667e+01, 2.61662720e+02, 9.54958191e+01,
       3.33393860e+02, 1.16496475e+02, 4.07665985e+02, 1.38472244e+02,
       1.43123978e+02, 1.03872772e+02, 2.12790390e+02, 1.25124634e+02,
       2.83993805e+02, 1.46670044e+02, 3.57838806e+02, 1.69213455e+02,
       1.63551651e+02, 1.55159103e+02, 2.33930344e+02, 1.77204346e+02,
       3.07396423e+02, 2.00402954e+02, 3.83541779e+02, 2.24588028e+02,
       1.10176254e+02, 1.85073807e+02, 1.83524567e+02, 2.08218124e+02,
       2.56266418e+02, 2.32032150e+02, 3.31922760e+02, 2.56861389e+02 ]
   - [ 1.68800507e+02, 1.45013901e+02, 2.36022644e+02, 9.95316315e+01,
       3.02050415e+02, 5.53045998e+01, 3.66462677e+02, 1.26064644e+01,
       2.19338440e+02, 1.57381683e+02, 2.86992889e+02, 1.11420914e+02,
       3.53121307e+02, 6.67304153e+01, 4.17376770e+02, 2.36769581e+01,
       2.01981857e+02, 2.17894302e+02, 2.71274963e+02, 1.70154877e+02,
       3.39066589e+02, 1.23655350e+02, 4.05100372e+02, 7.85925369e+01,
       2.54844528e+02, 2.31649368e+02, 3.24351654e+02, 1.83285675e+02,
       3.92203491e+02, 1.36255371e+02, 4.57984772e+02, 9.07626343e+01,
       2.37738541e+02, 2.95947083e+02, 3.08975098e+02, 2.45751450e+02,
       3.78590851e+02, 1.96784378e+02, 4.46107239e+02, 1.49243774e+02 ]
   - [ 1.61691833e+02, 1.69297928e+02, 2.24396042e+02, 1.14442039e+02,
       2.85152222e+02, 6.14658623e+01, 3.44006134e+02, 1.02788448e+01,
       2.14753189e+02, 1.73438766e+02, 2.77132782e+02, 1.18217857e+02,
       3.37494232e+02, 6.49281387e+01, 3.95886688e+02, 1.35353117e+01,
       2.04619583e+02, 2.35432587e+02, 2.68692474e+02, 1.77687592e+02,
       3.30673553e+02, 1.22180618e+02, 3.90592255e+02, 6.85121078e+01,
       2.59806885e+02, 2.40287354e+02, 3.23535309e+02, 1.82185944e+02,
       3.84978088e+02, 1.26331886e+02, 4.44416199e+02, 7.22845459e+01,
       2.50491104e+02, 3.06268219e+02, 3.16017334e+02, 2.45382889e+02,
       3.79138672e+02, 1.86947266e+02, 4.40078522e+02, 1.30582428e+02 ]
   - [ 1.86148819e+02, 1.13565010e+02, 2.58177551e+02, 8.27461166e+01,
       3.29564331e+02, 5.24244576e+01, 4.00226379e+02, 2.26403580e+01,
       2.32483292e+02, 1.36882553e+02, 3.05376678e+02, 1.05599754e+02,
       3.77545685e+02, 7.48816605e+01, 4.48855072e+02, 4.47748222e+01,
       2.05802292e+02, 1.93250259e+02, 2.80214539e+02, 1.60929199e+02,
       3.53970886e+02, 1.29242035e+02, 4.26890167e+02, 9.80731583e+01,
       2.54038757e+02, 2.18644989e+02, 3.29447113e+02, 1.85846741e+02,
       4.03951385e+02, 1.53710678e+02, 4.77602020e+02, 1.22049324e+02,
       2.26876511e+02, 2.78786713e+02, 3.03874146e+02, 2.44956116e+02,
       3.80117218e+02, 2.11662567e+02, 4.55368011e+02, 1.78962860e+02 ]
   - [ 2.47799500e+02, 6.45783005e+01, 3.21031769e+02, 7.08826599e+01,
       3.96088684e+02, 7.75291214e+01, 4.72664276e+02, 8.48132172e+01,
       2.77252594e+02, 1.08163307e+02, 3.52560547e+02, 1.15265785e+02,
       4.29705872e+02, 1.22710686e+02, 5.08173645e+02, 1.30862000e+02,
       2.32584457e+02, 1.46279175e+02, 3.08112213e+02, 1.53769012e+02,
       3.85560974e+02, 1.61778687e+02, 4.64858185e+02, 1.70051956e+02,
       2.62673004e+02, 1.93199432e+02, 3.40477844e+02, 2.01650955e+02,
       4.20083374e+02, 2.10570053e+02, 5.01591187e+02, 2.19684433e+02,
       2.16318253e+02, 2.33646774e+02, 2.94301605e+02, 2.42537079e+02,
       3.74371674e+02, 2.51981277e+02, 4.56202423e+02, 2.61727173e+02 ]
   - [ 3.16103302e+02, 3.84197350e+01, 3.77895233e+02, 7.83602905e+01,
       4.42824402e+02, 1.20542999e+02, 5.11001526e+02, 1.65116791e+02,
       3.25113068e+02, 9.24799652e+01, 3.88736420e+02, 1.34912827e+02,
       4.55605560e+02, 1.79781937e+02, 5.25879395e+02, 2.27160248e+02,
       2.72332123e+02, 1.06721382e+02, 3.34600433e+02, 1.49339645e+02,
       4.00148956e+02, 1.94521683e+02, 4.69037720e+02, 2.42251221e+02,
       2.80416504e+02, 1.63930176e+02, 3.44598816e+02, 2.09341873e+02,
       4.12124512e+02, 2.57437012e+02, 4.83163696e+02, 3.08179321e+02,
       2.26335144e+02, 1.78674011e+02, 2.88944061e+02, 2.24315125e+02,
       3.55110046e+02, 2.72727631e+02, 4.24673798e+02, 3.23815582e+02 ]
   - [ 2.99749512e+02, 2.85418339e+01, 3.57356537e+02, 7.25652618e+01,
       4.18144867e+02, 1.19211418e+02, 4.82297089e+02, 1.68685806e+02,
       3.04493469e+02, 8.25159302e+01, 3.63708069e+02, 1.29284302e+02,
       4.26291321e+02, 1.78800476e+02, 4.92376892e+02, 2.31381989e+02,
       2.51812378e+02, 9.25232086e+01, 3.09509552e+02, 1.39392075e+02,
       3.70398438e+02, 1.89002319e+02, 4.34897949e+02, 2.41697586e+02,
       2.55464081e+02, 1.49534973e+02, 3.14783325e+02, 1.99261871e+02,
       3.77482727e+02, 2.52030090e+02, 4.43946106e+02, 3.08148773e+02,
       2.01652817e+02, 1.59779068e+02, 2.59315887e+02, 2.09602264e+02,
       3.20330170e+02, 2.62453552e+02, 3.84975372e+02, 3.18709717e+02 ]
   - [ 4.43220703e+02, 2.03728619e+01, 4.49103943e+02, 9.97266693e+01,
       4.55343384e+02, 1.85463821e+02, 4.62007141e+02, 2.78133057e+02,
       4.07747253e+02, 6.26915779e+01, 4.12301300e+02, 1.45189301e+02,
       4.17178986e+02, 2.34226044e+02, 4.22466827e+02, 3.30536499e+02,
       3.68011078e+02, 2.72691422e+01, 3.71024628e+02, 1.06663383e+02,
       3.74227234e+02, 1.92293182e+02, 3.77729218e+02, 2.84717957e+02,
       3.31417450e+02, 6.97660751e+01, 3.33116211e+02, 1.52206360e+02,
       3.34954041e+02, 2.40995605e+02, 3.36955536e+02, 3.37079376e+02,
       2.93395721e+02, 3.44893684e+01, 2.93672516e+02, 1.13794884e+02,
       2.94018982e+02, 1.99255569e+02, 2.94365204e+02, 2.91467560e+02 ]
   - [ 4.71720428e+02, 4.84086380e+01, 4.66845764e+02, 1.29979477e+02,
       4.61517761e+02, 2.18033844e+02, 4.55621429e+02, 3.13208893e+02,
       4.30308777e+02, 8.56199570e+01, 4.23742859e+02, 1.69878906e+02,
       4.16567505e+02, 2.60822052e+02, 4.08823700e+02, 3.59153229e+02,
       3.95342743e+02, 4.33909988e+01, 3.87675812e+02, 1.24048096e+02,
       3.79304169e+02, 2.11047348e+02, 3.70343445e+02, 3.04860321e+02,
       3.53235413e+02, 8.03662491e+01, 3.43844635e+02, 1.63719879e+02,
       3.33752136e+02, 2.53346954e+02, 3.22869263e+02, 3.50285553e+02,
       3.20309265e+02, 3.87803230e+01, 3.09995911e+02, 1.18564529e+02,
