%YAML:1.0
Rotation_Vector: !!opencv-matrix
   rows: 3
   cols: 1
   dt: d
   data: [ 1.5227340548782997e-01, 3.0360786966846828e-03,
       -4.5749553225946970e-03 ]
Translation_Vector: !!opencv-matrix
   rows: 3
   cols: 1
   dt: d
   data: [ -1.9372466279935956e+00, 1.0060048845217223e+01,
       5.5728604323217923e-01 ]
