%YAML:1.0
cameraMatrix: !!opencv-matrix
   rows: 3
   cols: 3
   dt: d
   data: [ 1.1501541093770529e+03, 0., 2.7695487659341063e+02, 0.,
       1.6314696515405906e+03, 4.3431292912921913e+02, 0., 0., 1. ]
imageSize_width: 640
imageSize_height: 480
sensorSize_width: 0
sensorSize_height: 0
distCoeffs: !!opencv-matrix
   rows: 5
   cols: 1
   dt: d
   data: [ -2.3991470040501903e-01, 3.8522976031902711e+00,
       6.6509815005834786e-03, -8.9929269665492417e-04,
       -2.5605660467850605e+01 ]
reprojectionError: 3.5197207331657410e-01
features:
   - [ 180., 100., 250., 100., 320., 100., 390., 100., 215., 135., 285.,
       135., 355., 135., 425., 135., 180., 170., 250., 170., 320., 170.,
       390., 170., 215., 205., 285., 205., 355., 205., 425., 205., 180.,
       240., 250., 240., 320., 240., 390., 240. ]
   - [ 180., 100., 250., 100., 320., 100., 390., 100., 215., 135., 285.,
       135., 355., 135., 425., 135., 180., 170., 250., 170., 320., 170.,
       390., 170., 215., 205., 285., 205., 355., 205., 425., 205., 180.,
       240., 250., 240., 320., 240., 390., 240. ]
   - [ 180., 100., 250., 100., 320., 100., 390., 100., 215., 135., 285.,
       135., 355., 135., 425., 135., 180., 170., 250., 170., 320., 170.,
       390., 170., 215., 205., 285., 205., 355., 205., 425., 205., 180.,
       240., 250., 240., 320., 240., 390., 240. ]
   - [ 180., 100., 250., 100., 320., 100., 390., 100., 215., 135., 285.,
       135., 355., 135., 425., 135., 180., 170., 250., 170., 320., 170.,
       390., 170., 215., 205., 285., 205., 355., 205., 425., 205., 180.,
       240., 250., 240., 320., 240., 390., 240. ]
   - [ 1.72853012e+02, 3.76606865e+01, 2.55850784e+02, 4.75050697e+01,
       3.41652374e+02, 5.80365753e+01, 4.29851105e+02, 6.98089371e+01,
       2.04308228e+02, 9.49320831e+01, 2.89604706e+02, 1.06155983e+02,
       3.77890564e+02, 1.18136589e+02, 4.68231171e+02, 1.31518005e+02,
       1.52276031e+02, 1.42832657e+02, 2.37043518e+02, 1.54848740e+02,
       3.24789062e+02, 1.67569305e+02, 4.15652740e+02, 1.81197418e+02,
       1.83998230e+02, 2.04016525e+02, 2.71150757e+02, 2.17563431e+02,
       3.61531982e+02, 2.31976196e+02, 4.54844208e+02, 2.47402222e+02,
       1.30385757e+02, 2.53724289e+02, 2.17029282e+02, 2.68075928e+02,
       3.06765686e+02, 2.83351959e+02, 3.99908203e+02, 2.99647247e+02 ]
   - [ 1.94563797e+02, 2.48156643e+01, 2.80522858e+02, 3.44909096e+01,
       3.66501617e+02, 4.49827766e+01, 4.51947510e+02, 5.60519524e+01,
       2.33848755e+02, 7.72184372e+01, 3.21534088e+02, 8.76360321e+01,
       4.08907166e+02, 9.83856277e+01, 4.95493866e+02, 1.09694031e+02,
       1.85452545e+02, 1.21796280e+02, 2.74837372e+02, 1.32140106e+02,
       3.64002075e+02, 1.42810699e+02, 4.52742249e+02, 1.53768951e+02,
       2.26358398e+02, 1.78548492e+02, 3.17327850e+02, 1.89141785e+02,
       4.07956757e+02, 2.00035431e+02, 4.97989349e+02, 2.11175934e+02,
       1.76039230e+02, 2.26938416e+02, 2.68812531e+02, 2.37494446e+02,
       3.61366882e+02, 2.48314896e+02, 4.53431549e+02, 2.59363800e+02 ]
   - [ 1.90564728e+02, 5.05104828e+01, 2.74384735e+02, 4.89752235e+01,
       3.59779755e+02, 4.79515228e+01, 4.46424072e+02, 4.75744324e+01,
       2.28826218e+02, 1.00029564e+02, 3.14749023e+02, 9.91901398e+01,
       4.02174927e+02, 9.87617950e+01, 4.90734924e+02, 9.89603271e+01,
       1.82356598e+02, 1.52389114e+02, 2.68721954e+02, 1.51798264e+02,
       3.56748566e+02, 1.51588882e+02, 4.46220245e+02, 1.51770630e+02,
       2.21728455e+02, 2.05751617e+02, 3.10277588e+02, 2.05802612e+02,
       4.00430603e+02, 2.06246918e+02, 4.91950806e+02, 2.07037918e+02,
       1.73816818e+02, 2.61031281e+02, 2.62772217e+02, 2.61433258e+02,
       3.53553680e+02, 2.62167725e+02, 4.45831177e+02, 2.63238800e+02 ]
   - [ 1.89295685e+02, 7.09602890e+01, 2.67109772e+02, 5.38194656e+01,
       3.48423889e+02, 3.63405685e+01, 4.33088379e+02, 1.87672424e+01,
       2.23788437e+02, 1.09835648e+02, 3.04698395e+02, 9.32249985e+01,
       3.89224030e+02, 7.62901077e+01, 4.77124390e+02, 5.92860565e+01,
       1.79980957e+02, 1.66746643e+02, 2.60348663e+02, 1.51088943e+02,
       3.44531647e+02, 1.35106094e+02, 4.32420319e+02, 1.18785797e+02,
       2.15441940e+02, 2.09924103e+02, 2.99149872e+02, 1.94949127e+02,
       3.86750793e+02, 1.79672180e+02, 4.78158173e+02, 1.64011154e+02,
       1.70108002e+02, 2.69624390e+02, 2.53119797e+02, 2.55839005e+02,
       3.40339905e+02, 2.41648102e+02, 4.31491180e+02, 2.27103088e+02 ]
   - [ 2.07502518e+02, 7.38382568e+01, 2.91795319e+02, 6.57390137e+01,
       3.77647278e+02, 5.79342461e+01, 4.64731323e+02, 5.05551338e+01,
       2.48396835e+02, 1.20507599e+02, 3.34858185e+02, 1.12881187e+02,
       4.22784729e+02, 1.05525879e+02, 5.11805664e+02, 9.85635452e+01,
       2.04078323e+02, 1.76644287e+02, 2.91051941e+02, 1.69253479e+02,
       3.79692230e+02, 1.62124252e+02, 4.69677032e+02, 1.55210190e+02,
       2.46248795e+02, 2.27058578e+02, 3.35529510e+02, 2.20189316e+02,
       4.26323456e+02, 2.13547241e+02, 5.18341125e+02, 2.07034302e+02,
       2.00510254e+02, 2.86300079e+02, 2.90291840e+02, 2.79762207e+02,
       3.81854767e+02, 2.73415283e+02, 4.74762421e+02, 2.67194885e+02 ]
   - [ 1.66111832e+02, 2.02401260e+02, 2.37891144e+02, 1.36574463e+02,
       3.07683594e+02, 7.29344101e+01, 3.75377869e+02, 1.16062222e+01,
       2.27053589e+02, 2.11401230e+02, 2.98517334e+02, 1.45175430e+02,
       3.67848236e+02, 8.11879883e+01, 4.34902740e+02, 1.97148323e+01,
       2.15756302e+02, 2.89659851e+02, 2.88951874e+02, 2.20681549e+02,
       3.59950684e+02, 1.54069153e+02, 4.28705811e+02, 8.97318878e+01,
       2.78962219e+02, 2.99695709e+02, 3.51705200e+02, 2.30269821e+02,
       4.22109406e+02, 1.63233597e+02, 4.90131927e+02, 9.86302948e+01,
       2.68533142e+02, 3.82427460e+02, 3.43081635e+02, 3.10022614e+02,
       4.15194183e+02, 2.40132782e+02, 4.84922058e+02, 1.72644745e+02 ]
   - [ 1.51084885e+02, 2.44826981e+02, 2.15092972e+02, 1.65724075e+02,
       2.76677399e+02, 9.00248337e+01, 3.35807983e+02, 1.76870174e+01,
       2.13957764e+02, 2.41869537e+02, 2.76986450e+02, 1.62786270e+02,
       3.37466522e+02, 8.71594543e+01, 3.95395874e+02, 1.50435247e+01,
       2.12806046e+02, 3.21774811e+02, 2.77327576e+02, 2.39044327e+02,
       3.39202057e+02, 1.60026306e+02, 3.98469238e+02, 8.44670563e+01,
       2.77705811e+02, 3.19104218e+02, 3.41038177e+02, 2.36400314e+02,
       4.01624969e+02, 1.57421417e+02, 4.59563721e+02, 8.20079803e+01,
       2.78127289e+02, 4.03194977e+02, 3.42967285e+02, 3.16568939e+02,
       4.04925751e+02, 2.33908295e+02, 4.64173248e+02, 1.54936920e+02 ]
   - [ 1.67916702e+02, 2.76618988e+02, 2.21867584e+02, 1.92812973e+02,
       2.73387878e+02, 1.13132652e+02, 3.22534119e+02, 3.73537903e+01,
       2.27893799e+02, 2.61744141e+02, 2.80634308e+02, 1.78258316e+02,
       3.30874634e+02, 9.89110718e+01, 3.78708862e+02, 2.35970230e+01,
       2.34286942e+02, 3.34600830e+02, 2.88293427e+02, 2.46949677e+02,
       3.39665924e+02, 1.63820160e+02, 3.88548950e+02, 8.47980118e+01,
       2.96400177e+02, 3.19569824e+02, 3.48954193e+02, 2.32283005e+02,
       3.98873871e+02, 1.49468628e+02, 4.46299866e+02, 7.08976898e+01,
       3.04978973e+02, 3.96434387e+02, 3.58766785e+02, 3.04635162e+02,
       4.09753937e+02, 2.17706619e+02, 4.58197937e+02, 1.35194641e+02 ]
   - [ 1.92511383e+02, 3.40367828e+02, 2.17606216e+02, 2.38446243e+02,
       2.41161682e+02, 1.43254745e+02, 2.63260559e+02, 5.41333580e+01,
       2.46507996e+02, 2.98189880e+02, 2.69692871e+02, 1.98556244e+02,
       2.91403198e+02, 1.05474358e+02, 3.11766205e+02, 1.83507404e+01,
       2.77008514e+02, 3.61251190e+02, 2.99736938e+02, 2.56809113e+02,
       3.20974487e+02, 1.59455002e+02, 3.40870026e+02, 6.84079361e+01,
       3.31384338e+02, 3.18265625e+02, 3.52070312e+02, 2.16274063e+02,
       3.71412445e+02, 1.21092308e+02, 3.89512665e+02, 3.21524925e+01,
       3.64684448e+02, 3.83094238e+02, 3.84767273e+02, 2.76158386e+02,
