%YAML:1.0
Rotation_Vector: !!opencv-matrix
   rows: 3
   cols: 1
   dt: d
   data: [ 1.4110552186446115e-01, -2.1990858243164831e-02,
       2.2346811637733905e-02 ]
Translation_Vector: !!opencv-matrix
   rows: 3
   cols: 1
   dt: d
   data: [ 2.3813118093479053e+00, 5.7408801285499367e-01,
       2.2140843342984269e+00 ]
