%YAML:1.0
cameraMatrix: !!opencv-matrix
   rows: 3
   cols: 3
   dt: d
   data: [ 1.2001031929798319e+03, 0., 2.7677732896506927e+02, 0.,
       1.6867658987037626e+03, 3.7811663519214767e+02, 0., 0., 1. ]
imageSize_width: 640
imageSize_height: 480
sensorSize_width: 0
sensorSize_height: 0
distCoeffs: !!opencv-matrix
   rows: 5
   cols: 1
   dt: d
   data: [ -8.9173177004161386e-02, -3.5194598917425057e-01,
       5.1777356150505558e-03, 4.1051265422935449e-03,
       -2.2967358688175512e+00 ]
reprojectionError: 3.5400864481925964e-01
features:
   - [ 180., 100., 250., 100., 320., 100., 390., 100., 215., 135., 285.,
       135., 355., 135., 425., 135., 180., 170., 250., 170., 320., 170.,
       390., 170., 215., 205., 285., 205., 355., 205., 425., 205., 180.,
       240., 250., 240., 320., 240., 390., 240. ]
   - [ 180., 100., 250., 100., 320., 100., 390., 100., 215., 135., 285.,
       135., 355., 135., 425., 135., 180., 170., 250., 170., 320., 170.,
       390., 170., 215., 205., 285., 205., 355., 205., 425., 205., 180.,
       240., 250., 240., 320., 240., 390., 240. ]
   - [ 180., 100., 250., 100., 320., 100., 390., 100., 215., 135., 285.,
       135., 355., 135., 425., 135., 180., 170., 250., 170., 320., 170.,
       390., 170., 215., 205., 285., 205., 355., 205., 425., 205., 180.,
       240., 250., 240., 320., 240., 390., 240. ]
   - [ 180., 100., 250., 100., 320., 100., 390., 100., 215., 135., 285.,
       135., 355., 135., 425., 135., 180., 170., 250., 170., 320., 170.,
       390., 170., 215., 205., 285., 205., 355., 205., 425., 205., 180.,
       240., 250., 240., 320., 240., 390., 240. ]
   - [ 1.80493164e+02, 9.75170059e+01, 2.52475449e+02, 8.26962814e+01,
       3.27453674e+02, 6.76804886e+01, 4.05181976e+02, 5.25448570e+01,
       2.12168915e+02, 1.33603531e+02, 2.86892822e+02, 1.19306908e+02,
       3.64593170e+02, 1.04674812e+02, 4.45417969e+02, 8.97187653e+01,
       1.71470596e+02, 1.85351135e+02, 2.45733902e+02, 1.71824341e+02,
       3.23190948e+02, 1.57995865e+02, 4.03743103e+02, 1.43850128e+02,
       2.04042694e+02, 2.25248581e+02, 2.81210876e+02, 2.12225739e+02,
       3.61579346e+02, 1.98921967e+02, 4.45046082e+02, 1.85299423e+02,
       1.61563400e+02, 2.79710236e+02, 2.38571320e+02, 2.67474152e+02,
       3.18688721e+02, 2.55035721e+02, 4.02088745e+02, 2.42260132e+02 ]
   - [ 1.80514389e+02, 1.15214561e+02, 2.54736221e+02, 1.13453392e+02,
       3.30616608e+02, 1.12003807e+02, 4.07852173e+02, 1.10886871e+02,
       2.13084991e+02, 1.56006912e+02, 2.89446320e+02, 1.54748413e+02,
       3.67388275e+02, 1.53832489e+02, 4.46563232e+02, 1.53194763e+02,
       1.70539536e+02, 1.99711014e+02, 2.47233429e+02, 1.98676285e+02,
       3.25802124e+02, 1.97963364e+02, 4.05798431e+02, 1.97632080e+02,
       2.04031784e+02, 2.43854660e+02, 2.83068573e+02, 2.43335678e+02,
       3.63871613e+02, 2.43266205e+02, 4.45863922e+02, 2.43494034e+02,
       1.59964432e+02, 2.90273224e+02, 2.39218506e+02, 2.90085327e+02,
       3.20701721e+02, 2.90223358e+02, 4.03660126e+02, 2.90799988e+02 ]
   - [ 1.82181961e+02, -5.94039440e+00, 2.62065216e+02, 2.05184135e+01,
       3.40352173e+02, 4.78438416e+01, 4.16503510e+02, 7.50758133e+01,
       2.18020355e+02, 5.02576294e+01, 2.98868561e+02, 7.78010788e+01,
       3.77632385e+02, 1.05093010e+02, 4.54056000e+02, 1.31973129e+02,
       1.71735886e+02, 8.18608093e+01, 2.55197800e+02, 1.09578117e+02,
       3.36615631e+02, 1.36984024e+02, 4.15719421e+02, 1.63924576e+02,
       2.09247345e+02, 1.43170685e+02, 2.93398041e+02, 1.70636215e+02,
       3.75268738e+02, 1.97686005e+02, 4.54581573e+02, 2.24173172e+02,
       1.60913818e+02, 1.78682785e+02, 2.47839996e+02, 2.06179291e+02,
       3.32605774e+02, 2.33250412e+02, 4.14779785e+02, 2.59897034e+02 ]
   - [ 2.21323807e+02, 3.20027657e+01, 2.89320892e+02, 6.59360580e+01,
       3.59983185e+02, 1.01695854e+02, 4.33156952e+02, 1.38839630e+02,
       2.36634216e+02, 8.51193466e+01, 3.06845093e+02, 1.21334740e+02,
       3.79606201e+02, 1.59074051e+02, 4.55007721e+02, 1.98122192e+02,
       1.83369354e+02, 1.04811371e+02, 2.52954895e+02, 1.41338638e+02,
       3.25329041e+02, 1.79665619e+02, 4.00257202e+02, 2.19347549e+02,
       1.98342117e+02, 1.61785461e+02, 2.70254456e+02, 2.00593979e+02,
       3.44792694e+02, 2.40937088e+02, 4.22047638e+02, 2.82692444e+02,
       1.43223709e+02, 1.82788940e+02, 2.14329514e+02, 2.21939789e+02,
       2.88511841e+02, 2.62893066e+02, 3.65312012e+02, 3.05330078e+02 ]
   - [ 3.99166809e+02, 3.12284222e+01, 4.16440338e+02, 1.09155006e+02,
       4.34932190e+02, 1.92963974e+02, 4.54816101e+02, 2.83126648e+02,
       3.70298615e+02, 7.99551544e+01, 3.86849121e+02, 1.61147964e+02,
       4.04673523e+02, 2.48454437e+02, 4.23770874e+02, 3.42516602e+02,
       3.25728790e+02, 5.18305626e+01, 3.40414612e+02, 1.30532684e+02,
       3.56274902e+02, 2.15027298e+02, 3.73310425e+02, 3.06172485e+02,
       2.95584869e+02, 1.01117050e+02, 3.09497681e+02, 1.82905670e+02,
       3.24529541e+02, 2.71111664e+02, 3.40675690e+02, 3.66222229e+02,
       2.52323914e+02, 7.27918320e+01, 2.64405121e+02, 1.52125183e+02,
       2.77424469e+02, 2.37395370e+02, 2.91545776e+02, 3.29488831e+02 ]
   - [ 4.98625824e+02, 1.68267612e+01, 4.98516388e+02, 1.03325645e+02,
       4.99149475e+02, 1.95656219e+02, 4.99951416e+02, 2.95421234e+02,
       4.57040619e+02, 6.49049301e+01, 4.56276886e+02, 1.53071854e+02,
       4.55482605e+02, 2.48305313e+02, 4.54489594e+02, 3.51438721e+02,
       4.17796143e+02, 2.84696846e+01, 4.15669952e+02, 1.12790901e+02,
       4.13388031e+02, 2.03789536e+02, 4.10820557e+02, 3.02248596e+02,
       3.77123535e+02, 7.47019348e+01, 3.73465424e+02, 1.61726135e+02,
       3.69445312e+02, 2.55784454e+02, 3.65062042e+02, 3.57474854e+02,
       3.40517609e+02, 3.86783218e+01, 3.35606720e+02, 1.21965553e+02,
       3.30273438e+02, 2.11898544e+02, 3.24508850e+02, 3.08986633e+02 ]
   - [ 5.05088776e+02, 1.42149925e+01, 5.07708405e+02, 1.06676804e+02,
       5.10050110e+02, 2.06011765e+02, 5.12382446e+02, 3.12079865e+02,
       4.65590546e+02, 6.02220726e+01, 4.66569733e+02, 1.56076324e+02,
       4.67516541e+02, 2.58419525e+02, 4.68472504e+02, 3.67556305e+02,
       4.24987030e+02, 1.57155476e+01, 4.24697021e+02, 1.08167213e+02,
       4.24333313e+02, 2.06901642e+02, 4.23941956e+02, 3.12193146e+02,
       3.84401611e+02, 6.22228928e+01, 3.82791626e+02, 1.57475433e+02,
       3.81115601e+02, 2.59031738e+02, 3.79342896e+02, 3.67316711e+02,
       3.45641785e+02, 1.81937351e+01, 3.42854095e+02, 1.10085541e+02,
       3.39947052e+02, 2.08034943e+02, 3.36912628e+02, 3.12475159e+02 ]
   - [ 5.06169189e+02, 6.21345787e+01, 5.07826080e+02, 1.44065872e+02,
       5.09360840e+02, 2.32768921e+02, 5.10812042e+02, 3.28707916e+02,
       4.67664459e+02, 1.02536377e+02, 4.67686584e+02, 1.87579407e+02,
       4.67566925e+02, 2.79510773e+02, 4.67294586e+02, 3.78887238e+02,
       4.29156982e+02, 6.29612236e+01, 4.27770752e+02, 1.44502197e+02,
       4.26180573e+02, 2.32597580e+02, 4.24373962e+02, 3.27784760e+02,
       3.89570099e+02, 1.03453926e+02, 3.86607941e+02, 1.87888596e+02,
       3.83367096e+02, 2.79067780e+02, 3.79812317e+02, 3.77565582e+02,
       3.53028534e+02, 6.43511429e+01, 3.48790649e+02, 1.45299911e+02,
       3.44212677e+02, 2.32654968e+02, 3.39262146e+02, 3.26975433e+02 ]
   - [ 4.80104187e+02, 8.07110596e+01, 4.97959106e+02, 1.53013855e+02,
       5.17193726e+02, 2.31666290e+02, 5.37953735e+02, 3.17308655e+02,
       4.51851868e+02, 1.24120323e+02, 4.68853729e+02, 1.99972473e+02,
       4.87222778e+02, 2.82505676e+02, 5.07097504e+02, 3.72433197e+02,
       4.07399719e+02, 9.64541473e+01, 4.22281952e+02, 1.69610489e+02,
       4.38372101e+02, 2.49148010e+02, 4.55797424e+02, 3.35751221e+02,
       3.77457001e+02, 1.40531891e+02, 3.91388824e+02, 2.17191055e+02,
       4.06489594e+02, 3.00594513e+02, 4.22878479e+02, 3.91484619e+02,
       3.34339172e+02, 1.12691597e+02, 3.46232819e+02, 1.86590851e+02,
