%YAML:1.0
Rotation_Vector: !!opencv-matrix
   rows: 3
   cols: 1
   dt: d
   data: [ 6.7783614674882961e-02, -4.3007038704759921e-02,
       4.2397244769730329e-02 ]
Translation_Vector: !!opencv-matrix
   rows: 3
   cols: 1
   dt: d
   data: [ 3.7184662294584543e+00, -1.9085703305268376e+00,
       4.1449509002448170e+00 ]
