%YAML:1.0
cameraMatrix: !!opencv-matrix
   rows: 3
   cols: 3
   dt: d
   data: [ 1.2024955654862813e+03, 0., 3.3003615349131195e+02, 0.,
       1.6063114281886949e+03, 1.7889596321023966e+01, 0., 0., 1. ]
imageSize_width: 640
imageSize_height: 480
sensorSize_width: 0
sensorSize_height: 0
distCoeffs: !!opencv-matrix
   rows: 5
   cols: 1
   dt: d
   data: [ -1.7954280076104695e-01, 7.2891249857030860e-01,
       2.6060922645877319e-03, 4.9919100563088515e-04,
       -3.0887393121556928e+00 ]
reprojectionError: 3.4113067388534546e-01
features:
   - [ [ 180., 50., 250., 50., 320., 50., 390., 50., 215., 85., 285.,
       85., 355., 85., 425., 85., 180., 120., 250., 120., 320., 120.,
       390., 120., 215., 155., 285., 155., 355., 155., 425., 155., 180.,
       190., 250., 190., 320., 190., 390., 190. ] ]
   - [ [ 180., 50., 250., 50., 320., 50., 390., 50., 215., 85., 285.,
       85., 355., 85., 425., 85., 180., 120., 250., 120., 320., 120.,
       390., 120., 215., 155., 285., 155., 355., 155., 425., 155., 180.,
       190., 250., 190., 320., 190., 390., 190. ] ]
   - [ [ 180., 50., 250., 50., 320., 50., 390., 50., 215., 85., 285.,
       85., 355., 85., 425., 85., 180., 120., 250., 120., 320., 120.,
       390., 120., 215., 155., 285., 155., 355., 155., 425., 155., 180.,
       190., 250., 190., 320., 190., 390., 190. ] ]
   - [ [ 180., 50., 250., 50., 320., 50., 390., 50., 215., 85., 285.,
       85., 355., 85., 425., 85., 180., 120., 250., 120., 320., 120.,
       390., 120., 215., 155., 285., 155., 355., 155., 425., 155., 180.,
       190., 250., 190., 320., 190., 390., 190. ] ]
   - [ [ 9.20546112e+01, 1.51178680e+02, 2.05965393e+02, 1.28341110e+02,
       3.14157318e+02, 1.06721375e+02, 4.16029816e+02, 8.62218628e+01,
       1.54519409e+02, 2.12017349e+02, 2.64022949e+02, 1.88205994e+02,
       3.67732239e+02, 1.65375931e+02, 4.65060577e+02, 1.43656937e+02,
       1.02977264e+02, 2.95869019e+02, 2.13896027e+02, 2.69642639e+02,
       3.19039886e+02, 2.44719788e+02, 4.18260712e+02, 2.20765137e+02,
       1.63710052e+02, 3.51280334e+02, 2.70233521e+02, 3.24102631e+02,
       3.71038666e+02, 2.98114807e+02, 4.66059601e+02, 2.73285370e+02,
       1.14018623e+02, 4.31945831e+02, 2.21363495e+02, 4.03663147e+02,
       3.23601349e+02, 3.75623779e+02, 4.20247986e+02, 3.48769226e+02 ] ]
   - [ [ 6.59526215e+01, 1.36338043e+02, 1.75736938e+02, 1.25256813e+02,
       2.85104004e+02, 1.13720932e+02, 3.93865448e+02, 1.01958702e+02,
       1.26028587e+02, 2.02762451e+02, 2.35088394e+02, 1.91207245e+02,
       3.43643311e+02, 1.79285187e+02, 4.51701935e+02, 1.67164780e+02,
       7.70261230e+01, 2.79413574e+02, 1.85564926e+02, 2.68050323e+02,
       2.93851685e+02, 2.56101196e+02, 4.01656769e+02, 2.43831284e+02,
       1.36684204e+02, 3.43997559e+02, 2.44536163e+02, 3.32216980e+02,
       3.52057281e+02, 3.19910614e+02, 4.59098663e+02, 3.07232544e+02,
       8.83709793e+01, 4.19215881e+02, 1.95806015e+02, 4.07418304e+02,
       3.02933685e+02, 3.95222748e+02, 4.09671600e+02, 3.82514099e+02 ] ]
   - [ [ 4.95509224e+01, 1.62870346e+02, 1.67449249e+02, 1.38988708e+02,
       2.77174194e+02, 1.16589890e+02, 3.79076050e+02, 9.56166458e+01,
       1.13476883e+02, 2.23888687e+02, 2.25424210e+02, 1.98441971e+02,
       3.29612274e+02, 1.74497742e+02, 4.26414368e+02, 1.52017303e+02,
       5.95312195e+01, 3.08911957e+02, 1.73415482e+02, 2.80742493e+02,
       2.79754181e+02, 2.53931473e+02, 3.78752960e+02, 2.28643921e+02,
       1.21349884e+02, 3.63100159e+02, 2.29612198e+02, 3.33732849e+02,
       3.30685181e+02, 3.05753876e+02, 4.24832489e+02, 2.79307556e+02,
       6.98473816e+01, 4.44245148e+02, 1.79365326e+02, 4.13456757e+02,
       2.82311829e+02, 3.83118866e+02, 3.78447601e+02, 3.54150635e+02 ] ]
   - [ [ 5.74864883e+01, 1.82448746e+02, 1.71556885e+02, 1.53024002e+02,
       2.79786316e+02, 1.25099960e+02, 3.81993439e+02, 9.86603241e+01,
       1.22412292e+02, 2.39470261e+02, 2.31974350e+02, 2.09203232e+02,
       3.35754944e+02, 1.80354553e+02, 4.33572784e+02, 1.52938843e+02,
       7.34526825e+01, 3.25826202e+02, 1.84166077e+02, 2.93377411e+02,
       2.89311768e+02, 2.62290741e+02, 3.88734863e+02, 2.32570206e+02,
       1.36470917e+02, 3.77435364e+02, 2.42808777e+02, 3.44259460e+02,
       3.43637207e+02, 3.12400421e+02, 4.38839325e+02, 2.81895721e+02,
       8.91152344e+01, 4.60973633e+02, 1.96359619e+02, 4.26086487e+02,
       2.98419678e+02, 3.92242401e+02, 3.95058411e+02, 3.59691132e+02 ] ]
   - [ [ 3.77879906e+01, 2.20482880e+02, 1.27048653e+02, 1.56015076e+02,
       2.18580154e+02, 8.99527740e+01, 3.11790955e+02, 2.27497253e+01,
       1.09344650e+02, 2.45085587e+02, 1.99112091e+02, 1.80993576e+02,
       2.90751740e+02, 1.15466652e+02, 3.83806854e+02, 4.89149971e+01,
       9.24384003e+01, 3.31135162e+02, 1.80373703e+02, 2.69191620e+02,
       2.70370270e+02, 2.05518967e+02, 3.61928131e+02, 1.40563034e+02,
       1.62399734e+02, 3.54401184e+02, 2.50672760e+02, 2.92780518e+02,
       3.40683167e+02, 2.29578461e+02, 4.32019257e+02, 1.65202866e+02,
       1.45176544e+02, 4.36588837e+02, 2.31691956e+02, 3.77095062e+02,
       3.20083618e+02, 3.15836731e+02, 4.09941772e+02, 2.53130737e+02 ] ]
   - [ [ 5.19845657e+01, 2.07186111e+02, 1.46171036e+02, 1.50491776e+02,
       2.42100723e+02, 9.27914429e+01, 3.39308563e+02, 3.43596268e+01,
       1.22705101e+02, 2.38151077e+02, 2.16899460e+02, 1.82005875e+02,
       3.12522430e+02, 1.24922897e+02, 4.09094818e+02, 6.71655197e+01,
       1.00142387e+02, 3.22938110e+02, 1.92542084e+02, 2.68472656e+02,
       2.86520111e+02, 2.12860397e+02, 3.81619049e+02, 1.56366302e+02,
       1.69042587e+02, 3.52127686e+02, 2.61324738e+02, 2.98096863e+02,
       3.54878784e+02, 2.42993088e+02, 4.49247894e+02, 1.87067078e+02,
       1.46442780e+02, 4.32846375e+02, 2.36952255e+02, 3.80576202e+02,
       3.28906189e+02, 3.26973053e+02, 4.21839905e+02, 2.72358795e+02 ] ]
   - [ [ 7.66842194e+01, 1.36782684e+02, 1.73676254e+02, 1.10880890e+02,
       2.77766754e+02, 8.29647598e+01, 3.89467651e+02, 5.29608116e+01,
       1.42156540e+02, 1.89368713e+02, 2.41995834e+02, 1.64968918e+02,
       3.49024475e+02, 1.38659821e+02, 4.63792114e+02, 1.10328751e+02,
       1.12631081e+02, 2.63301910e+02, 2.08425674e+02, 2.42220566e+02,
       3.11068207e+02, 2.19335175e+02, 4.21001343e+02, 1.94607361e+02,
       1.76931305e+02, 3.14933960e+02, 2.75418854e+02, 2.95269104e+02,
       3.80818542e+02, 2.73870605e+02, 4.93553955e+02, 2.50627808e+02,
       1.47419052e+02, 3.83261475e+02, 2.41934921e+02, 3.66667419e+02,
       3.43052185e+02, 3.48389130e+02, 4.51112762e+02, 3.28380219e+02 ] ]
   - [ [ 9.60526733e+01, 1.03503418e+02, 1.96789001e+02, 8.94089661e+01,
       3.03083435e+02, 7.45683441e+01, 4.14698486e+02, 5.90119743e+01,
       1.57330414e+02, 1.64206161e+02, 2.59889679e+02, 1.51616547e+02,
       3.67742889e+02, 1.38254990e+02, 4.80569153e+02, 1.24139511e+02,
       1.19959351e+02, 2.35289642e+02, 2.18880798e+02, 2.24871414e+02,
       3.23026459e+02, 2.13659653e+02, 4.32160797e+02, 2.01635971e+02,
       1.79987747e+02, 2.94442688e+02, 2.80509216e+02, 2.85307526e+02,
       3.85988800e+02, 2.75337524e+02, 4.96124847e+02, 2.64508209e+02,
       1.43135666e+02, 3.60452118e+02, 2.40130142e+02, 3.53312561e+02,
       3.42021759e+02, 3.45330780e+02, 4.48576477e+02, 3.36463440e+02 ] ]
   - [ [ 1.14559464e+02, 9.11565552e+01, 2.17375351e+02, 8.69301758e+01,
       3.25380585e+02, 8.24476852e+01, 4.38259644e+02, 7.77108994e+01,
       1.72690170e+02, 1.57765945e+02, 2.77008240e+02, 1.55064697e+02,
       3.86227234e+02, 1.52042374e+02, 4.99962952e+02, 1.48685104e+02,
       1.30244019e+02, 2.25190140e+02, 2.30949280e+02, 2.24216858e+02,
       3.36534393e+02, 2.22887421e+02, 4.46700470e+02, 2.21159225e+02,
       1.87146606e+02, 2.89991150e+02, 2.89156342e+02, 2.90306183e+02,
       3.95763336e+02, 2.90189392e+02, 5.06612152e+02, 2.89587097e+02,
       1.45532043e+02, 3.52488708e+02, 2.44044342e+02, 3.54389404e+02,
