%YAML:1.0
cameraMatrix: !!opencv-matrix
   rows: 3
   cols: 3
   dt: d
   data: [ 7.7656840056380736e+02, 0., 4.0771846755063672e+02, 0.,
       7.7514841952699362e+02, 3.0433894321571182e+02, 0., 0., 1. ]
imageSize_width: 800
imageSize_height: 600
sensorSize_width: 0
sensorSize_height: 0
distCoeffs: !!opencv-matrix
   rows: 5
   cols: 1
   dt: d
   data: [ 3.9826252796566590e-02, 6.6337724810210386e-02,
       -1.1632147964219324e-03, -4.9325384066155602e-04,
       -7.9077624012177006e-01 ]
reprojectionError: 1.4229038357734680e-01
features:
   - [ [ 3.66298065e+02, 1.80437225e+02, 3.90656647e+02, 1.98529633e+02,
       4.15425964e+02, 2.16817169e+02, 4.40820251e+02, 2.35638718e+02,
       4.67048279e+02, 2.55050659e+02, 4.93772766e+02, 2.74869873e+02,
       5.21511230e+02, 2.95415222e+02, 5.49881287e+02, 3.16488220e+02,
       3.43992889e+02, 2.01686218e+02, 3.68123840e+02, 2.20229889e+02,
       3.92799133e+02, 2.39004120e+02, 4.18281281e+02, 2.58410461e+02,
       4.44453522e+02, 2.78385529e+02, 4.71340698e+02, 2.98754028e+02,
       4.99000946e+02, 3.19901550e+02, 5.27428345e+02, 3.41607330e+02,
       3.20639496e+02, 2.23347641e+02, 3.45009827e+02, 2.42393646e+02,
       3.69652496e+02, 2.61671783e+02, 3.95085571e+02, 2.81612244e+02,
       4.21389893e+02, 3.02221222e+02, 4.48266022e+02, 3.23353760e+02,
       4.76002930e+02, 3.44954559e+02, 5.04370148e+02, 3.67424255e+02,
       2.97147797e+02, 2.45523315e+02, 3.21299957e+02, 2.65114838e+02,
       3.45930176e+02, 2.85098602e+02, 3.71412109e+02, 3.05549042e+02,
       3.97577667e+02, 3.26572968e+02, 4.24536438e+02, 3.48461060e+02,
       4.52369812e+02, 3.70853729e+02, 4.80764923e+02, 3.93930176e+02,
       2.72670074e+02, 2.68265472e+02, 2.96881195e+02, 2.88377686e+02,
       3.21589478e+02, 3.08878967e+02, 3.47014374e+02, 3.30104828e+02,
       3.73336700e+02, 3.51894012e+02, 4.00259796e+02, 3.74344147e+02,
       4.28028534e+02, 3.97513000e+02, 4.56454132e+02, 4.21338898e+02 ] ]
   - [ [ 5.00091309e+02, 9.25221558e+01, 5.07127655e+02, 1.19443565e+02,
       5.14363770e+02, 1.46975830e+02, 5.21723450e+02, 1.75398804e+02,
       5.29504089e+02, 2.04680359e+02, 5.37430115e+02, 2.34873795e+02,
       5.45597046e+02, 2.66133301e+02, 5.53990112e+02, 2.98226562e+02,
       4.68435913e+02, 9.82896881e+01, 4.74912079e+02, 1.25255531e+02,
       4.81659576e+02, 1.52851532e+02, 4.88625977e+02, 1.81450760e+02,
       4.95783783e+02, 2.10724106e+02, 5.03276398e+02, 2.40959549e+02,
       5.10899536e+02, 2.72372009e+02, 5.18672974e+02, 3.04477417e+02,
       4.36645782e+02, 1.03826218e+02, 4.42760315e+02, 1.30900742e+02,
       4.49118958e+02, 1.58612839e+02, 4.55536621e+02, 1.87302307e+02,
       4.62276367e+02, 2.16699402e+02, 4.69176788e+02, 2.47119278e+02,
       4.76299622e+02, 2.78415497e+02, 4.83498444e+02, 3.10704254e+02,
       4.05040283e+02, 1.09457886e+02, 4.10644409e+02, 1.36615509e+02,
       4.16504120e+02, 1.64502594e+02, 4.22478882e+02, 1.93198029e+02,
       4.28644775e+02, 2.22594238e+02, 4.35010437e+02, 2.53182709e+02,
       4.41583832e+02, 2.84636749e+02, 4.48315125e+02, 3.17069061e+02,
       3.73257935e+02, 1.14959053e+02, 3.78490662e+02, 1.42313034e+02,
       3.83843170e+02, 1.70281082e+02, 3.89414795e+02, 1.99072784e+02,
       3.95063080e+02, 2.28671555e+02, 4.00806702e+02, 2.59325653e+02,
       4.06770294e+02, 2.90881744e+02, 4.12943268e+02, 3.23427185e+02 ] ]
   - [ [ 5.07890778e+02, 1.02043755e+02, 5.01576874e+02, 1.31587891e+02,
       4.95288239e+02, 1.61793747e+02, 4.88599976e+02, 1.92678116e+02,
       4.81857147e+02, 2.24366302e+02, 4.75018494e+02, 2.56502716e+02,
       4.68036530e+02, 2.89617493e+02, 4.60795776e+02, 3.23439667e+02,
       4.74792725e+02, 9.76824112e+01, 4.68293304e+02, 1.27083740e+02,
       4.61476105e+02, 1.56957428e+02, 4.54541046e+02, 1.87512802e+02,
       4.47542450e+02, 2.18748718e+02, 4.40342407e+02, 2.50670959e+02,
       4.32992462e+02, 2.83418701e+02, 4.25445557e+02, 3.16816803e+02,
       4.42301025e+02, 9.34494553e+01, 4.35352417e+02, 1.22497757e+02,
       4.28344849e+02, 1.52090851e+02, 4.21142029e+02, 1.82323898e+02,
       4.13717590e+02, 2.13309387e+02, 4.06251221e+02, 2.44855789e+02,
       3.98422974e+02, 2.77305939e+02, 3.90522888e+02, 3.10372131e+02,
       4.10247620e+02, 8.92016754e+01, 4.03039093e+02, 1.17965141e+02,
       3.95682220e+02, 1.47300278e+02, 3.88196991e+02, 1.77317703e+02,
       3.80484985e+02, 2.07743698e+02, 3.72554718e+02, 2.39250351e+02,
       3.64530396e+02, 2.71363037e+02, 3.56312225e+02, 3.04092712e+02,
       3.78526642e+02, 8.48513412e+01, 3.71099579e+02, 1.13451866e+02,
       3.63565948e+02, 1.42517426e+02, 3.55645020e+02, 1.72257263e+02,
       3.47762970e+02, 2.02626511e+02, 3.39518555e+02, 2.33588928e+02,
       3.31202881e+02, 2.65425293e+02, 3.22558807e+02, 2.97696014e+02 ] ]
   - [ [ 5.31281250e+02, 7.41310501e+01, 5.13973267e+02, 9.89635468e+01,
       4.96406647e+02, 1.24206757e+02, 4.78460327e+02, 1.49803955e+02,
       4.60280701e+02, 1.75918945e+02, 4.41776672e+02, 2.02308731e+02,
       4.22951233e+02, 2.29306229e+02, 4.03934448e+02, 2.56502197e+02,
       5.03154755e+02, 6.15677948e+01, 4.85724426e+02, 8.59808578e+01,
       4.68238953e+02, 1.10752541e+02, 4.50361938e+02, 1.35950027e+02,
       4.32227234e+02, 1.61551331e+02, 4.13670013e+02, 1.87471466e+02,
       3.94948120e+02, 2.13888519e+02, 3.75800598e+02, 2.40751343e+02,
       4.75614746e+02, 4.92039108e+01, 4.58334778e+02, 7.32800446e+01,
       4.40771118e+02, 9.75604248e+01, 4.22923279e+02, 1.22263603e+02,
       4.04759155e+02, 1.47522293e+02, 3.86406677e+02, 1.73025864e+02,
       3.67556427e+02, 1.98830444e+02, 3.48588318e+02, 2.25133835e+02,
       4.48878052e+02, 3.72857208e+01, 4.31599304e+02, 6.08159142e+01,
       4.14163269e+02, 8.47681580e+01, 3.96283142e+02, 1.09085693e+02,
       3.78178009e+02, 1.33643341e+02, 3.59738098e+02, 1.58869659e+02,
       3.41053314e+02, 1.84394424e+02, 3.21865417e+02, 2.10425430e+02,
       4.22843109e+02, 2.53556747e+01, 4.05329407e+02, 4.85752754e+01,
       3.88094604e+02, 7.22654037e+01, 3.70151978e+02, 9.61475754e+01,
       3.52203644e+02, 1.20484322e+02, 3.33654449e+02, 1.44933884e+02,
       3.15076111e+02, 1.70180389e+02, 2.96104065e+02, 1.95434219e+02 ] ]
   - [ [ 5.57587524e+02, 1.44469833e+02, 5.30960266e+02, 1.59450775e+02,
       5.04052551e+02, 1.74575760e+02, 4.76645325e+02, 1.89959732e+02,
       4.48959473e+02, 2.05559204e+02, 4.20753021e+02, 2.21313980e+02,
       3.92216064e+02, 2.37360001e+02, 3.63059967e+02, 2.53679749e+02,
       5.38756470e+02, 1.22430115e+02, 5.12116333e+02, 1.37235107e+02,
       4.85480286e+02, 1.52037064e+02, 4.58464905e+02, 1.66964233e+02,
       4.30975525e+02, 1.82184540e+02, 4.03140350e+02, 1.97405212e+02,
       3.74752960e+02, 2.13107071e+02, 3.46218445e+02, 2.28765457e+02,
       5.19871826e+02, 1.01412560e+02, 4.93830353e+02, 1.15627380e+02,
       4.67546021e+02, 1.29980850e+02, 4.40677032e+02, 1.44477173e+02,
       4.13526917e+02, 1.59378418e+02, 3.86016296e+02, 1.74314133e+02,
       3.58043701e+02, 1.89361969e+02, 3.29291138e+02, 2.05035843e+02,
       5.02614502e+02, 8.04617386e+01, 4.76119446e+02, 9.46306458e+01,
       4.50110931e+02, 1.08712318e+02, 4.23596436e+02, 1.22846176e+02,
       3.96621674e+02, 1.37137894e+02, 3.69451599e+02, 1.51756653e+02,
       3.41651215e+02, 1.66597061e+02, 3.13731781e+02, 1.81500748e+02,
       4.84357025e+02, 6.04200630e+01, 4.58698822e+02, 7.42840881e+01,
       4.33050903e+02, 8.75817337e+01, 4.06773743e+02, 1.01756874e+02,
       3.80170227e+02, 1.15484734e+02, 3.53239807e+02, 1.29959518e+02,
       3.25714386e+02, 1.44158463e+02, 2.97340912e+02, 1.59324326e+02 ] ]
   - [ [ 5.36715454e+02, 1.59565277e+02, 5.04204437e+02, 1.62753876e+02,
       4.71663147e+02, 1.66001251e+02, 4.39218140e+02, 1.68988968e+02,
       4.06753632e+02, 1.72251373e+02, 3.74430267e+02, 1.75194870e+02,
       3.42063934e+02, 1.78291092e+02, 3.09746185e+02, 1.81348328e+02,
